1029
20 15 1 0.0001 0.0001
20 15 1 0.0001 0.000316228
20 15 1 0.0001 0.001
20 15 1 0.0001 0.00316228
20 15 1 0.0001 0.01
20 15 1 0.0001 0.0316228
20 15 1 0.0001 0.1
20 15 1 0.000316228 0.0001
20 15 1 0.000316228 0.000316228
20 15 1 0.000316228 0.001
20 15 1 0.000316228 0.00316228
20 15 1 0.000316228 0.01
20 15 1 0.000316228 0.0316228
20 15 1 0.000316228 0.1
20 15 1 0.001 0.0001
20 15 1 0.001 0.000316228
20 15 1 0.001 0.001
20 15 1 0.001 0.00316228
20 15 1 0.001 0.01
20 15 1 0.001 0.0316228
20 15 1 0.001 0.1
20 15 1 0.00316228 0.0001
20 15 1 0.00316228 0.000316228
20 15 1 0.00316228 0.001
20 15 1 0.00316228 0.00316228
20 15 1 0.00316228 0.01
20 15 1 0.00316228 0.0316228
20 15 1 0.00316228 0.1
20 15 1 0.01 0.0001
20 15 1 0.01 0.000316228
20 15 1 0.01 0.001
20 15 1 0.01 0.00316228
20 15 1 0.01 0.01
20 15 1 0.01 0.0316228
20 15 1 0.01 0.1
20 15 1 0.0316228 0.0001
20 15 1 0.0316228 0.000316228
20 15 1 0.0316228 0.001
20 15 1 0.0316228 0.00316228
20 15 1 0.0316228 0.01
20 15 1 0.0316228 0.0316228
20 15 1 0.0316228 0.1
20 15 1 0.1 0.0001
20 15 1 0.1 0.000316228
20 15 1 0.1 0.001
20 15 1 0.1 0.00316228
20 15 1 0.1 0.01
20 15 1 0.1 0.0316228
20 15 1 0.1 0.1
21 15 1 0.0001 0.0001
21 15 1 0.0001 0.000316228
21 15 1 0.0001 0.001
21 15 1 0.0001 0.00316228
21 15 1 0.0001 0.01
21 15 1 0.0001 0.0316228
21 15 1 0.0001 0.1
21 15 1 0.000316228 0.0001
21 15 1 0.000316228 0.000316228
21 15 1 0.000316228 0.001
21 15 1 0.000316228 0.00316228
21 15 1 0.000316228 0.01
21 15 1 0.000316228 0.0316228
21 15 1 0.000316228 0.1
21 15 1 0.001 0.0001
21 15 1 0.001 0.000316228
21 15 1 0.001 0.001
21 15 1 0.001 0.00316228
21 15 1 0.001 0.01
21 15 1 0.001 0.0316228
21 15 1 0.001 0.1
21 15 1 0.00316228 0.0001
21 15 1 0.00316228 0.000316228
21 15 1 0.00316228 0.001
21 15 1 0.00316228 0.00316228
21 15 1 0.00316228 0.01
21 15 1 0.00316228 0.0316228
21 15 1 0.00316228 0.1
21 15 1 0.01 0.0001
21 15 1 0.01 0.000316228
21 15 1 0.01 0.001
21 15 1 0.01 0.00316228
21 15 1 0.01 0.01
21 15 1 0.01 0.0316228
21 15 1 0.01 0.1
21 15 1 0.0316228 0.0001
21 15 1 0.0316228 0.000316228
21 15 1 0.0316228 0.001
21 15 1 0.0316228 0.00316228
21 15 1 0.0316228 0.01
21 15 1 0.0316228 0.0316228
21 15 1 0.0316228 0.1
21 15 1 0.1 0.0001
21 15 1 0.1 0.000316228
21 15 1 0.1 0.001
21 15 1 0.1 0.00316228
21 15 1 0.1 0.01
21 15 1 0.1 0.0316228
21 15 1 0.1 0.1
22 15 1 0.0001 0.0001
22 15 1 0.0001 0.000316228
22 15 1 0.0001 0.001
22 15 1 0.0001 0.00316228
22 15 1 0.0001 0.01
22 15 1 0.0001 0.0316228
22 15 1 0.0001 0.1
22 15 1 0.000316228 0.0001
22 15 1 0.000316228 0.000316228
22 15 1 0.000316228 0.001
22 15 1 0.000316228 0.00316228
22 15 1 0.000316228 0.01
22 15 1 0.000316228 0.0316228
22 15 1 0.000316228 0.1
22 15 1 0.001 0.0001
22 15 1 0.001 0.000316228
22 15 1 0.001 0.001
22 15 1 0.001 0.00316228
22 15 1 0.001 0.01
22 15 1 0.001 0.0316228
22 15 1 0.001 0.1
22 15 1 0.00316228 0.0001
22 15 1 0.00316228 0.000316228
22 15 1 0.00316228 0.001
22 15 1 0.00316228 0.00316228
22 15 1 0.00316228 0.01
22 15 1 0.00316228 0.0316228
22 15 1 0.00316228 0.1
22 15 1 0.01 0.0001
22 15 1 0.01 0.000316228
22 15 1 0.01 0.001
22 15 1 0.01 0.00316228
22 15 1 0.01 0.01
22 15 1 0.01 0.0316228
22 15 1 0.01 0.1
22 15 1 0.0316228 0.0001
22 15 1 0.0316228 0.000316228
22 15 1 0.0316228 0.001
22 15 1 0.0316228 0.00316228
22 15 1 0.0316228 0.01
22 15 1 0.0316228 0.0316228
22 15 1 0.0316228 0.1
22 15 1 0.1 0.0001
22 15 1 0.1 0.000316228
22 15 1 0.1 0.001
22 15 1 0.1 0.00316228
22 15 1 0.1 0.01
22 15 1 0.1 0.0316228
22 15 1 0.1 0.1
23 15 1 0.0001 0.0001
23 15 1 0.0001 0.000316228
23 15 1 0.0001 0.001
23 15 1 0.0001 0.00316228
23 15 1 0.0001 0.01
23 15 1 0.0001 0.0316228
23 15 1 0.0001 0.1
23 15 1 0.000316228 0.0001
23 15 1 0.000316228 0.000316228
23 15 1 0.000316228 0.001
23 15 1 0.000316228 0.00316228
23 15 1 0.000316228 0.01
23 15 1 0.000316228 0.0316228
23 15 1 0.000316228 0.1
23 15 1 0.001 0.0001
23 15 1 0.001 0.000316228
23 15 1 0.001 0.001
23 15 1 0.001 0.00316228
23 15 1 0.001 0.01
23 15 1 0.001 0.0316228
23 15 1 0.001 0.1
23 15 1 0.00316228 0.0001
23 15 1 0.00316228 0.000316228
23 15 1 0.00316228 0.001
23 15 1 0.00316228 0.00316228
23 15 1 0.00316228 0.01
23 15 1 0.00316228 0.0316228
23 15 1 0.00316228 0.1
23 15 1 0.01 0.0001
23 15 1 0.01 0.000316228
23 15 1 0.01 0.001
23 15 1 0.01 0.00316228
23 15 1 0.01 0.01
23 15 1 0.01 0.0316228
23 15 1 0.01 0.1
23 15 1 0.0316228 0.0001
23 15 1 0.0316228 0.000316228
23 15 1 0.0316228 0.001
23 15 1 0.0316228 0.00316228
23 15 1 0.0316228 0.01
23 15 1 0.0316228 0.0316228
23 15 1 0.0316228 0.1
23 15 1 0.1 0.0001
23 15 1 0.1 0.000316228
23 15 1 0.1 0.001
23 15 1 0.1 0.00316228
23 15 1 0.1 0.01
23 15 1 0.1 0.0316228
23 15 1 0.1 0.1
24 15 1 0.0001 0.0001
24 15 1 0.0001 0.000316228
24 15 1 0.0001 0.001
24 15 1 0.0001 0.00316228
24 15 1 0.0001 0.01
24 15 1 0.0001 0.0316228
24 15 1 0.0001 0.1
24 15 1 0.000316228 0.0001
24 15 1 0.000316228 0.000316228
24 15 1 0.000316228 0.001
24 15 1 0.000316228 0.00316228
24 15 1 0.000316228 0.01
24 15 1 0.000316228 0.0316228
24 15 1 0.000316228 0.1
24 15 1 0.001 0.0001
24 15 1 0.001 0.000316228
24 15 1 0.001 0.001
24 15 1 0.001 0.00316228
24 15 1 0.001 0.01
24 15 1 0.001 0.0316228
24 15 1 0.001 0.1
24 15 1 0.00316228 0.0001
24 15 1 0.00316228 0.000316228
24 15 1 0.00316228 0.001
24 15 1 0.00316228 0.00316228
24 15 1 0.00316228 0.01
24 15 1 0.00316228 0.0316228
24 15 1 0.00316228 0.1
24 15 1 0.01 0.0001
24 15 1 0.01 0.000316228
24 15 1 0.01 0.001
24 15 1 0.01 0.00316228
24 15 1 0.01 0.01
24 15 1 0.01 0.0316228
24 15 1 0.01 0.1
24 15 1 0.0316228 0.0001
24 15 1 0.0316228 0.000316228
24 15 1 0.0316228 0.001
24 15 1 0.0316228 0.00316228
24 15 1 0.0316228 0.01
24 15 1 0.0316228 0.0316228
24 15 1 0.0316228 0.1
24 15 1 0.1 0.0001
24 15 1 0.1 0.000316228
24 15 1 0.1 0.001
24 15 1 0.1 0.00316228
24 15 1 0.1 0.01
24 15 1 0.1 0.0316228
24 15 1 0.1 0.1
25 15 1 0.0001 0.0001
25 15 1 0.0001 0.000316228
25 15 1 0.0001 0.001
25 15 1 0.0001 0.00316228
25 15 1 0.0001 0.01
25 15 1 0.0001 0.0316228
25 15 1 0.0001 0.1
25 15 1 0.000316228 0.0001
25 15 1 0.000316228 0.000316228
25 15 1 0.000316228 0.001
25 15 1 0.000316228 0.00316228
25 15 1 0.000316228 0.01
25 15 1 0.000316228 0.0316228
25 15 1 0.000316228 0.1
25 15 1 0.001 0.0001
25 15 1 0.001 0.000316228
25 15 1 0.001 0.001
25 15 1 0.001 0.00316228
25 15 1 0.001 0.01
25 15 1 0.001 0.0316228
25 15 1 0.001 0.1
25 15 1 0.00316228 0.0001
25 15 1 0.00316228 0.000316228
25 15 1 0.00316228 0.001
25 15 1 0.00316228 0.00316228
25 15 1 0.00316228 0.01
25 15 1 0.00316228 0.0316228
25 15 1 0.00316228 0.1
25 15 1 0.01 0.0001
25 15 1 0.01 0.000316228
25 15 1 0.01 0.001
25 15 1 0.01 0.00316228
25 15 1 0.01 0.01
25 15 1 0.01 0.0316228
25 15 1 0.01 0.1
25 15 1 0.0316228 0.0001
25 15 1 0.0316228 0.000316228
25 15 1 0.0316228 0.001
25 15 1 0.0316228 0.00316228
25 15 1 0.0316228 0.01
25 15 1 0.0316228 0.0316228
25 15 1 0.0316228 0.1
25 15 1 0.1 0.0001
25 15 1 0.1 0.000316228
25 15 1 0.1 0.001
25 15 1 0.1 0.00316228
25 15 1 0.1 0.01
25 15 1 0.1 0.0316228
25 15 1 0.1 0.1
26 15 1 0.0001 0.0001
26 15 1 0.0001 0.000316228
26 15 1 0.0001 0.001
26 15 1 0.0001 0.00316228
26 15 1 0.0001 0.01
26 15 1 0.0001 0.0316228
26 15 1 0.0001 0.1
26 15 1 0.000316228 0.0001
26 15 1 0.000316228 0.000316228
26 15 1 0.000316228 0.001
26 15 1 0.000316228 0.00316228
26 15 1 0.000316228 0.01
26 15 1 0.000316228 0.0316228
26 15 1 0.000316228 0.1
26 15 1 0.001 0.0001
26 15 1 0.001 0.000316228
26 15 1 0.001 0.001
26 15 1 0.001 0.00316228
26 15 1 0.001 0.01
26 15 1 0.001 0.0316228
26 15 1 0.001 0.1
26 15 1 0.00316228 0.0001
26 15 1 0.00316228 0.000316228
26 15 1 0.00316228 0.001
26 15 1 0.00316228 0.00316228
26 15 1 0.00316228 0.01
26 15 1 0.00316228 0.0316228
26 15 1 0.00316228 0.1
26 15 1 0.01 0.0001
26 15 1 0.01 0.000316228
26 15 1 0.01 0.001
26 15 1 0.01 0.00316228
26 15 1 0.01 0.01
26 15 1 0.01 0.0316228
26 15 1 0.01 0.1
26 15 1 0.0316228 0.0001
26 15 1 0.0316228 0.000316228
26 15 1 0.0316228 0.001
26 15 1 0.0316228 0.00316228
26 15 1 0.0316228 0.01
26 15 1 0.0316228 0.0316228
26 15 1 0.0316228 0.1
26 15 1 0.1 0.0001
26 15 1 0.1 0.000316228
26 15 1 0.1 0.001
26 15 1 0.1 0.00316228
26 15 1 0.1 0.01
26 15 1 0.1 0.0316228
26 15 1 0.1 0.1
27 15 1 0.0001 0.0001
27 15 1 0.0001 0.000316228
27 15 1 0.0001 0.001
27 15 1 0.0001 0.00316228
27 15 1 0.0001 0.01
27 15 1 0.0001 0.0316228
27 15 1 0.0001 0.1
27 15 1 0.000316228 0.0001
27 15 1 0.000316228 0.000316228
27 15 1 0.000316228 0.001
27 15 1 0.000316228 0.00316228
27 15 1 0.000316228 0.01
27 15 1 0.000316228 0.0316228
27 15 1 0.000316228 0.1
27 15 1 0.001 0.0001
27 15 1 0.001 0.000316228
27 15 1 0.001 0.001
27 15 1 0.001 0.00316228
27 15 1 0.001 0.01
27 15 1 0.001 0.0316228
27 15 1 0.001 0.1
27 15 1 0.00316228 0.0001
27 15 1 0.00316228 0.000316228
27 15 1 0.00316228 0.001
27 15 1 0.00316228 0.00316228
27 15 1 0.00316228 0.01
27 15 1 0.00316228 0.0316228
27 15 1 0.00316228 0.1
27 15 1 0.01 0.0001
27 15 1 0.01 0.000316228
27 15 1 0.01 0.001
27 15 1 0.01 0.00316228
27 15 1 0.01 0.01
27 15 1 0.01 0.0316228
27 15 1 0.01 0.1
27 15 1 0.0316228 0.0001
27 15 1 0.0316228 0.000316228
27 15 1 0.0316228 0.001
27 15 1 0.0316228 0.00316228
27 15 1 0.0316228 0.01
27 15 1 0.0316228 0.0316228
27 15 1 0.0316228 0.1
27 15 1 0.1 0.0001
27 15 1 0.1 0.000316228
27 15 1 0.1 0.001
27 15 1 0.1 0.00316228
27 15 1 0.1 0.01
27 15 1 0.1 0.0316228
27 15 1 0.1 0.1
28 15 1 0.0001 0.0001
28 15 1 0.0001 0.000316228
28 15 1 0.0001 0.001
28 15 1 0.0001 0.00316228
28 15 1 0.0001 0.01
28 15 1 0.0001 0.0316228
28 15 1 0.0001 0.1
28 15 1 0.000316228 0.0001
28 15 1 0.000316228 0.000316228
28 15 1 0.000316228 0.001
28 15 1 0.000316228 0.00316228
28 15 1 0.000316228 0.01
28 15 1 0.000316228 0.0316228
28 15 1 0.000316228 0.1
28 15 1 0.001 0.0001
28 15 1 0.001 0.000316228
28 15 1 0.001 0.001
28 15 1 0.001 0.00316228
28 15 1 0.001 0.01
28 15 1 0.001 0.0316228
28 15 1 0.001 0.1
28 15 1 0.00316228 0.0001
28 15 1 0.00316228 0.000316228
28 15 1 0.00316228 0.001
28 15 1 0.00316228 0.00316228
28 15 1 0.00316228 0.01
28 15 1 0.00316228 0.0316228
28 15 1 0.00316228 0.1
28 15 1 0.01 0.0001
28 15 1 0.01 0.000316228
28 15 1 0.01 0.001
28 15 1 0.01 0.00316228
28 15 1 0.01 0.01
28 15 1 0.01 0.0316228
28 15 1 0.01 0.1
28 15 1 0.0316228 0.0001
28 15 1 0.0316228 0.000316228
28 15 1 0.0316228 0.001
28 15 1 0.0316228 0.00316228
28 15 1 0.0316228 0.01
28 15 1 0.0316228 0.0316228
28 15 1 0.0316228 0.1
28 15 1 0.1 0.0001
28 15 1 0.1 0.000316228
28 15 1 0.1 0.001
28 15 1 0.1 0.00316228
28 15 1 0.1 0.01
28 15 1 0.1 0.0316228
28 15 1 0.1 0.1
29 15 1 0.0001 0.0001
29 15 1 0.0001 0.000316228
29 15 1 0.0001 0.001
29 15 1 0.0001 0.00316228
29 15 1 0.0001 0.01
29 15 1 0.0001 0.0316228
29 15 1 0.0001 0.1
29 15 1 0.000316228 0.0001
29 15 1 0.000316228 0.000316228
29 15 1 0.000316228 0.001
29 15 1 0.000316228 0.00316228
29 15 1 0.000316228 0.01
29 15 1 0.000316228 0.0316228
29 15 1 0.000316228 0.1
29 15 1 0.001 0.0001
29 15 1 0.001 0.000316228
29 15 1 0.001 0.001
29 15 1 0.001 0.00316228
29 15 1 0.001 0.01
29 15 1 0.001 0.0316228
29 15 1 0.001 0.1
29 15 1 0.00316228 0.0001
29 15 1 0.00316228 0.000316228
29 15 1 0.00316228 0.001
29 15 1 0.00316228 0.00316228
29 15 1 0.00316228 0.01
29 15 1 0.00316228 0.0316228
29 15 1 0.00316228 0.1
29 15 1 0.01 0.0001
29 15 1 0.01 0.000316228
29 15 1 0.01 0.001
29 15 1 0.01 0.00316228
29 15 1 0.01 0.01
29 15 1 0.01 0.0316228
29 15 1 0.01 0.1
29 15 1 0.0316228 0.0001
29 15 1 0.0316228 0.000316228
29 15 1 0.0316228 0.001
29 15 1 0.0316228 0.00316228
29 15 1 0.0316228 0.01
29 15 1 0.0316228 0.0316228
29 15 1 0.0316228 0.1
29 15 1 0.1 0.0001
29 15 1 0.1 0.000316228
29 15 1 0.1 0.001
29 15 1 0.1 0.00316228
29 15 1 0.1 0.01
29 15 1 0.1 0.0316228
29 15 1 0.1 0.1
30 15 1 0.0001 0.0001
30 15 1 0.0001 0.000316228
30 15 1 0.0001 0.001
30 15 1 0.0001 0.00316228
30 15 1 0.0001 0.01
30 15 1 0.0001 0.0316228
30 15 1 0.0001 0.1
30 15 1 0.000316228 0.0001
30 15 1 0.000316228 0.000316228
30 15 1 0.000316228 0.001
30 15 1 0.000316228 0.00316228
30 15 1 0.000316228 0.01
30 15 1 0.000316228 0.0316228
30 15 1 0.000316228 0.1
30 15 1 0.001 0.0001
30 15 1 0.001 0.000316228
30 15 1 0.001 0.001
30 15 1 0.001 0.00316228
30 15 1 0.001 0.01
30 15 1 0.001 0.0316228
30 15 1 0.001 0.1
30 15 1 0.00316228 0.0001
30 15 1 0.00316228 0.000316228
30 15 1 0.00316228 0.001
30 15 1 0.00316228 0.00316228
30 15 1 0.00316228 0.01
30 15 1 0.00316228 0.0316228
30 15 1 0.00316228 0.1
30 15 1 0.01 0.0001
30 15 1 0.01 0.000316228
30 15 1 0.01 0.001
30 15 1 0.01 0.00316228
30 15 1 0.01 0.01
30 15 1 0.01 0.0316228
30 15 1 0.01 0.1
30 15 1 0.0316228 0.0001
30 15 1 0.0316228 0.000316228
30 15 1 0.0316228 0.001
30 15 1 0.0316228 0.00316228
30 15 1 0.0316228 0.01
30 15 1 0.0316228 0.0316228
30 15 1 0.0316228 0.1
30 15 1 0.1 0.0001
30 15 1 0.1 0.000316228
30 15 1 0.1 0.001
30 15 1 0.1 0.00316228
30 15 1 0.1 0.01
30 15 1 0.1 0.0316228
30 15 1 0.1 0.1
31 15 1 0.0001 0.0001
31 15 1 0.0001 0.000316228
31 15 1 0.0001 0.001
31 15 1 0.0001 0.00316228
31 15 1 0.0001 0.01
31 15 1 0.0001 0.0316228
31 15 1 0.0001 0.1
31 15 1 0.000316228 0.0001
31 15 1 0.000316228 0.000316228
31 15 1 0.000316228 0.001
31 15 1 0.000316228 0.00316228
31 15 1 0.000316228 0.01
31 15 1 0.000316228 0.0316228
31 15 1 0.000316228 0.1
31 15 1 0.001 0.0001
31 15 1 0.001 0.000316228
31 15 1 0.001 0.001
31 15 1 0.001 0.00316228
31 15 1 0.001 0.01
31 15 1 0.001 0.0316228
31 15 1 0.001 0.1
31 15 1 0.00316228 0.0001
31 15 1 0.00316228 0.000316228
31 15 1 0.00316228 0.001
31 15 1 0.00316228 0.00316228
31 15 1 0.00316228 0.01
31 15 1 0.00316228 0.0316228
31 15 1 0.00316228 0.1
31 15 1 0.01 0.0001
31 15 1 0.01 0.000316228
31 15 1 0.01 0.001
31 15 1 0.01 0.00316228
31 15 1 0.01 0.01
31 15 1 0.01 0.0316228
31 15 1 0.01 0.1
31 15 1 0.0316228 0.0001
31 15 1 0.0316228 0.000316228
31 15 1 0.0316228 0.001
31 15 1 0.0316228 0.00316228
31 15 1 0.0316228 0.01
31 15 1 0.0316228 0.0316228
31 15 1 0.0316228 0.1
31 15 1 0.1 0.0001
31 15 1 0.1 0.000316228
31 15 1 0.1 0.001
31 15 1 0.1 0.00316228
31 15 1 0.1 0.01
31 15 1 0.1 0.0316228
31 15 1 0.1 0.1
32 15 1 0.0001 0.0001
32 15 1 0.0001 0.000316228
32 15 1 0.0001 0.001
32 15 1 0.0001 0.00316228
32 15 1 0.0001 0.01
32 15 1 0.0001 0.0316228
32 15 1 0.0001 0.1
32 15 1 0.000316228 0.0001
32 15 1 0.000316228 0.000316228
32 15 1 0.000316228 0.001
32 15 1 0.000316228 0.00316228
32 15 1 0.000316228 0.01
32 15 1 0.000316228 0.0316228
32 15 1 0.000316228 0.1
32 15 1 0.001 0.0001
32 15 1 0.001 0.000316228
32 15 1 0.001 0.001
32 15 1 0.001 0.00316228
32 15 1 0.001 0.01
32 15 1 0.001 0.0316228
32 15 1 0.001 0.1
32 15 1 0.00316228 0.0001
32 15 1 0.00316228 0.000316228
32 15 1 0.00316228 0.001
32 15 1 0.00316228 0.00316228
32 15 1 0.00316228 0.01
32 15 1 0.00316228 0.0316228
32 15 1 0.00316228 0.1
32 15 1 0.01 0.0001
32 15 1 0.01 0.000316228
32 15 1 0.01 0.001
32 15 1 0.01 0.00316228
32 15 1 0.01 0.01
32 15 1 0.01 0.0316228
32 15 1 0.01 0.1
32 15 1 0.0316228 0.0001
32 15 1 0.0316228 0.000316228
32 15 1 0.0316228 0.001
32 15 1 0.0316228 0.00316228
32 15 1 0.0316228 0.01
32 15 1 0.0316228 0.0316228
32 15 1 0.0316228 0.1
32 15 1 0.1 0.0001
32 15 1 0.1 0.000316228
32 15 1 0.1 0.001
32 15 1 0.1 0.00316228
32 15 1 0.1 0.01
32 15 1 0.1 0.0316228
32 15 1 0.1 0.1
33 15 1 0.0001 0.0001
33 15 1 0.0001 0.000316228
33 15 1 0.0001 0.001
33 15 1 0.0001 0.00316228
33 15 1 0.0001 0.01
33 15 1 0.0001 0.0316228
33 15 1 0.0001 0.1
33 15 1 0.000316228 0.0001
33 15 1 0.000316228 0.000316228
33 15 1 0.000316228 0.001
33 15 1 0.000316228 0.00316228
33 15 1 0.000316228 0.01
33 15 1 0.000316228 0.0316228
33 15 1 0.000316228 0.1
33 15 1 0.001 0.0001
33 15 1 0.001 0.000316228
33 15 1 0.001 0.001
33 15 1 0.001 0.00316228
33 15 1 0.001 0.01
33 15 1 0.001 0.0316228
33 15 1 0.001 0.1
33 15 1 0.00316228 0.0001
33 15 1 0.00316228 0.000316228
33 15 1 0.00316228 0.001
33 15 1 0.00316228 0.00316228
33 15 1 0.00316228 0.01
33 15 1 0.00316228 0.0316228
33 15 1 0.00316228 0.1
33 15 1 0.01 0.0001
33 15 1 0.01 0.000316228
33 15 1 0.01 0.001
33 15 1 0.01 0.00316228
33 15 1 0.01 0.01
33 15 1 0.01 0.0316228
33 15 1 0.01 0.1
33 15 1 0.0316228 0.0001
33 15 1 0.0316228 0.000316228
33 15 1 0.0316228 0.001
33 15 1 0.0316228 0.00316228
33 15 1 0.0316228 0.01
33 15 1 0.0316228 0.0316228
33 15 1 0.0316228 0.1
33 15 1 0.1 0.0001
33 15 1 0.1 0.000316228
33 15 1 0.1 0.001
33 15 1 0.1 0.00316228
33 15 1 0.1 0.01
33 15 1 0.1 0.0316228
33 15 1 0.1 0.1
34 15 1 0.0001 0.0001
34 15 1 0.0001 0.000316228
34 15 1 0.0001 0.001
34 15 1 0.0001 0.00316228
34 15 1 0.0001 0.01
34 15 1 0.0001 0.0316228
34 15 1 0.0001 0.1
34 15 1 0.000316228 0.0001
34 15 1 0.000316228 0.000316228
34 15 1 0.000316228 0.001
34 15 1 0.000316228 0.00316228
34 15 1 0.000316228 0.01
34 15 1 0.000316228 0.0316228
34 15 1 0.000316228 0.1
34 15 1 0.001 0.0001
34 15 1 0.001 0.000316228
34 15 1 0.001 0.001
34 15 1 0.001 0.00316228
34 15 1 0.001 0.01
34 15 1 0.001 0.0316228
34 15 1 0.001 0.1
34 15 1 0.00316228 0.0001
34 15 1 0.00316228 0.000316228
34 15 1 0.00316228 0.001
34 15 1 0.00316228 0.00316228
34 15 1 0.00316228 0.01
34 15 1 0.00316228 0.0316228
34 15 1 0.00316228 0.1
34 15 1 0.01 0.0001
34 15 1 0.01 0.000316228
34 15 1 0.01 0.001
34 15 1 0.01 0.00316228
34 15 1 0.01 0.01
34 15 1 0.01 0.0316228
34 15 1 0.01 0.1
34 15 1 0.0316228 0.0001
34 15 1 0.0316228 0.000316228
34 15 1 0.0316228 0.001
34 15 1 0.0316228 0.00316228
34 15 1 0.0316228 0.01
34 15 1 0.0316228 0.0316228
34 15 1 0.0316228 0.1
34 15 1 0.1 0.0001
34 15 1 0.1 0.000316228
34 15 1 0.1 0.001
34 15 1 0.1 0.00316228
34 15 1 0.1 0.01
34 15 1 0.1 0.0316228
34 15 1 0.1 0.1
35 15 1 0.0001 0.0001
35 15 1 0.0001 0.000316228
35 15 1 0.0001 0.001
35 15 1 0.0001 0.00316228
35 15 1 0.0001 0.01
35 15 1 0.0001 0.0316228
35 15 1 0.0001 0.1
35 15 1 0.000316228 0.0001
35 15 1 0.000316228 0.000316228
35 15 1 0.000316228 0.001
35 15 1 0.000316228 0.00316228
35 15 1 0.000316228 0.01
35 15 1 0.000316228 0.0316228
35 15 1 0.000316228 0.1
35 15 1 0.001 0.0001
35 15 1 0.001 0.000316228
35 15 1 0.001 0.001
35 15 1 0.001 0.00316228
35 15 1 0.001 0.01
35 15 1 0.001 0.0316228
35 15 1 0.001 0.1
35 15 1 0.00316228 0.0001
35 15 1 0.00316228 0.000316228
35 15 1 0.00316228 0.001
35 15 1 0.00316228 0.00316228
35 15 1 0.00316228 0.01
35 15 1 0.00316228 0.0316228
35 15 1 0.00316228 0.1
35 15 1 0.01 0.0001
35 15 1 0.01 0.000316228
35 15 1 0.01 0.001
35 15 1 0.01 0.00316228
35 15 1 0.01 0.01
35 15 1 0.01 0.0316228
35 15 1 0.01 0.1
35 15 1 0.0316228 0.0001
35 15 1 0.0316228 0.000316228
35 15 1 0.0316228 0.001
35 15 1 0.0316228 0.00316228
35 15 1 0.0316228 0.01
35 15 1 0.0316228 0.0316228
35 15 1 0.0316228 0.1
35 15 1 0.1 0.0001
35 15 1 0.1 0.000316228
35 15 1 0.1 0.001
35 15 1 0.1 0.00316228
35 15 1 0.1 0.01
35 15 1 0.1 0.0316228
35 15 1 0.1 0.1
36 15 1 0.0001 0.0001
36 15 1 0.0001 0.000316228
36 15 1 0.0001 0.001
36 15 1 0.0001 0.00316228
36 15 1 0.0001 0.01
36 15 1 0.0001 0.0316228
36 15 1 0.0001 0.1
36 15 1 0.000316228 0.0001
36 15 1 0.000316228 0.000316228
36 15 1 0.000316228 0.001
36 15 1 0.000316228 0.00316228
36 15 1 0.000316228 0.01
36 15 1 0.000316228 0.0316228
36 15 1 0.000316228 0.1
36 15 1 0.001 0.0001
36 15 1 0.001 0.000316228
36 15 1 0.001 0.001
36 15 1 0.001 0.00316228
36 15 1 0.001 0.01
36 15 1 0.001 0.0316228
36 15 1 0.001 0.1
36 15 1 0.00316228 0.0001
36 15 1 0.00316228 0.000316228
36 15 1 0.00316228 0.001
36 15 1 0.00316228 0.00316228
36 15 1 0.00316228 0.01
36 15 1 0.00316228 0.0316228
36 15 1 0.00316228 0.1
36 15 1 0.01 0.0001
36 15 1 0.01 0.000316228
36 15 1 0.01 0.001
36 15 1 0.01 0.00316228
36 15 1 0.01 0.01
36 15 1 0.01 0.0316228
36 15 1 0.01 0.1
36 15 1 0.0316228 0.0001
36 15 1 0.0316228 0.000316228
36 15 1 0.0316228 0.001
36 15 1 0.0316228 0.00316228
36 15 1 0.0316228 0.01
36 15 1 0.0316228 0.0316228
36 15 1 0.0316228 0.1
36 15 1 0.1 0.0001
36 15 1 0.1 0.000316228
36 15 1 0.1 0.001
36 15 1 0.1 0.00316228
36 15 1 0.1 0.01
36 15 1 0.1 0.0316228
36 15 1 0.1 0.1
37 15 1 0.0001 0.0001
37 15 1 0.0001 0.000316228
37 15 1 0.0001 0.001
37 15 1 0.0001 0.00316228
37 15 1 0.0001 0.01
37 15 1 0.0001 0.0316228
37 15 1 0.0001 0.1
37 15 1 0.000316228 0.0001
37 15 1 0.000316228 0.000316228
37 15 1 0.000316228 0.001
37 15 1 0.000316228 0.00316228
37 15 1 0.000316228 0.01
37 15 1 0.000316228 0.0316228
37 15 1 0.000316228 0.1
37 15 1 0.001 0.0001
37 15 1 0.001 0.000316228
37 15 1 0.001 0.001
37 15 1 0.001 0.00316228
37 15 1 0.001 0.01
37 15 1 0.001 0.0316228
37 15 1 0.001 0.1
37 15 1 0.00316228 0.0001
37 15 1 0.00316228 0.000316228
37 15 1 0.00316228 0.001
37 15 1 0.00316228 0.00316228
37 15 1 0.00316228 0.01
37 15 1 0.00316228 0.0316228
37 15 1 0.00316228 0.1
37 15 1 0.01 0.0001
37 15 1 0.01 0.000316228
37 15 1 0.01 0.001
37 15 1 0.01 0.00316228
37 15 1 0.01 0.01
37 15 1 0.01 0.0316228
37 15 1 0.01 0.1
37 15 1 0.0316228 0.0001
37 15 1 0.0316228 0.000316228
37 15 1 0.0316228 0.001
37 15 1 0.0316228 0.00316228
37 15 1 0.0316228 0.01
37 15 1 0.0316228 0.0316228
37 15 1 0.0316228 0.1
37 15 1 0.1 0.0001
37 15 1 0.1 0.000316228
37 15 1 0.1 0.001
37 15 1 0.1 0.00316228
37 15 1 0.1 0.01
37 15 1 0.1 0.0316228
37 15 1 0.1 0.1
38 15 1 0.0001 0.0001
38 15 1 0.0001 0.000316228
38 15 1 0.0001 0.001
38 15 1 0.0001 0.00316228
38 15 1 0.0001 0.01
38 15 1 0.0001 0.0316228
38 15 1 0.0001 0.1
38 15 1 0.000316228 0.0001
38 15 1 0.000316228 0.000316228
38 15 1 0.000316228 0.001
38 15 1 0.000316228 0.00316228
38 15 1 0.000316228 0.01
38 15 1 0.000316228 0.0316228
38 15 1 0.000316228 0.1
38 15 1 0.001 0.0001
38 15 1 0.001 0.000316228
38 15 1 0.001 0.001
38 15 1 0.001 0.00316228
38 15 1 0.001 0.01
38 15 1 0.001 0.0316228
38 15 1 0.001 0.1
38 15 1 0.00316228 0.0001
38 15 1 0.00316228 0.000316228
38 15 1 0.00316228 0.001
38 15 1 0.00316228 0.00316228
38 15 1 0.00316228 0.01
38 15 1 0.00316228 0.0316228
38 15 1 0.00316228 0.1
38 15 1 0.01 0.0001
38 15 1 0.01 0.000316228
38 15 1 0.01 0.001
38 15 1 0.01 0.00316228
38 15 1 0.01 0.01
38 15 1 0.01 0.0316228
38 15 1 0.01 0.1
38 15 1 0.0316228 0.0001
38 15 1 0.0316228 0.000316228
38 15 1 0.0316228 0.001
38 15 1 0.0316228 0.00316228
38 15 1 0.0316228 0.01
38 15 1 0.0316228 0.0316228
38 15 1 0.0316228 0.1
38 15 1 0.1 0.0001
38 15 1 0.1 0.000316228
38 15 1 0.1 0.001
38 15 1 0.1 0.00316228
38 15 1 0.1 0.01
38 15 1 0.1 0.0316228
38 15 1 0.1 0.1
39 15 1 0.0001 0.0001
39 15 1 0.0001 0.000316228
39 15 1 0.0001 0.001
39 15 1 0.0001 0.00316228
39 15 1 0.0001 0.01
39 15 1 0.0001 0.0316228
39 15 1 0.0001 0.1
39 15 1 0.000316228 0.0001
39 15 1 0.000316228 0.000316228
39 15 1 0.000316228 0.001
39 15 1 0.000316228 0.00316228
39 15 1 0.000316228 0.01
39 15 1 0.000316228 0.0316228
39 15 1 0.000316228 0.1
39 15 1 0.001 0.0001
39 15 1 0.001 0.000316228
39 15 1 0.001 0.001
39 15 1 0.001 0.00316228
39 15 1 0.001 0.01
39 15 1 0.001 0.0316228
39 15 1 0.001 0.1
39 15 1 0.00316228 0.0001
39 15 1 0.00316228 0.000316228
39 15 1 0.00316228 0.001
39 15 1 0.00316228 0.00316228
39 15 1 0.00316228 0.01
39 15 1 0.00316228 0.0316228
39 15 1 0.00316228 0.1
39 15 1 0.01 0.0001
39 15 1 0.01 0.000316228
39 15 1 0.01 0.001
39 15 1 0.01 0.00316228
39 15 1 0.01 0.01
39 15 1 0.01 0.0316228
39 15 1 0.01 0.1
39 15 1 0.0316228 0.0001
39 15 1 0.0316228 0.000316228
39 15 1 0.0316228 0.001
39 15 1 0.0316228 0.00316228
39 15 1 0.0316228 0.01
39 15 1 0.0316228 0.0316228
39 15 1 0.0316228 0.1
39 15 1 0.1 0.0001
39 15 1 0.1 0.000316228
39 15 1 0.1 0.001
39 15 1 0.1 0.00316228
39 15 1 0.1 0.01
39 15 1 0.1 0.0316228
39 15 1 0.1 0.1
40 15 1 0.0001 0.0001
40 15 1 0.0001 0.000316228
40 15 1 0.0001 0.001
40 15 1 0.0001 0.00316228
40 15 1 0.0001 0.01
40 15 1 0.0001 0.0316228
40 15 1 0.0001 0.1
40 15 1 0.000316228 0.0001
40 15 1 0.000316228 0.000316228
40 15 1 0.000316228 0.001
40 15 1 0.000316228 0.00316228
40 15 1 0.000316228 0.01
40 15 1 0.000316228 0.0316228
40 15 1 0.000316228 0.1
40 15 1 0.001 0.0001
40 15 1 0.001 0.000316228
40 15 1 0.001 0.001
40 15 1 0.001 0.00316228
40 15 1 0.001 0.01
40 15 1 0.001 0.0316228
40 15 1 0.001 0.1
40 15 1 0.00316228 0.0001
40 15 1 0.00316228 0.000316228
40 15 1 0.00316228 0.001
40 15 1 0.00316228 0.00316228
40 15 1 0.00316228 0.01
40 15 1 0.00316228 0.0316228
40 15 1 0.00316228 0.1
40 15 1 0.01 0.0001
40 15 1 0.01 0.000316228
40 15 1 0.01 0.001
40 15 1 0.01 0.00316228
40 15 1 0.01 0.01
40 15 1 0.01 0.0316228
40 15 1 0.01 0.1
40 15 1 0.0316228 0.0001
40 15 1 0.0316228 0.000316228
40 15 1 0.0316228 0.001
40 15 1 0.0316228 0.00316228
40 15 1 0.0316228 0.01
40 15 1 0.0316228 0.0316228
40 15 1 0.0316228 0.1
40 15 1 0.1 0.0001
40 15 1 0.1 0.000316228
40 15 1 0.1 0.001
40 15 1 0.1 0.00316228
40 15 1 0.1 0.01
40 15 1 0.1 0.0316228
40 15 1 0.1 0.1
